# the first 127 primitive Pythagorean Triples, sorted.

# EITHER paste this list in your code file,

# OR you can paste it into a file named triples_list.py...
# ... then as the first line of your main.py file, type "from triples_list import *" without quotes
# which will virtually "paste" the list into your main file so you can just use it

triples = [
[3, 4, 5],
[5, 12, 13],
[8, 15, 17],
[7, 24, 25],
[20, 21, 29],
[12, 35, 37],
[9, 40, 41],
[28, 45, 53],
[11, 60, 61],
[33, 56, 65],
[16, 63, 65],
[48, 55, 73],
[13, 84, 85],
[36, 77, 85],
[39, 80, 89],
[65, 72, 97],
[20, 99, 101],
[60, 91, 109],
[15, 112, 113],
[44, 117, 125],
[88, 105, 137],
[17, 144, 145],
[24, 143, 145],
[51, 140, 149],
[85, 132, 157],
[119, 120, 169],
[52, 165, 173],
[19, 180, 181],
[57, 176, 185],
[104, 153, 185],
[95, 168, 193],
[28, 195, 197],
[133, 156, 205],
[84, 187, 205],
[21, 220, 221],
[140, 171, 221],
[60, 221, 229],
[105, 208, 233],
[120, 209, 241],
[32, 255, 257],
[23, 264, 265],
[96, 247, 265],
[69, 260, 269],
[115, 252, 277],
[160, 231, 281],
[161, 240, 289],
[68, 285, 293],
[207, 224, 305],
[136, 273, 305],
[25, 312, 313],
[75, 308, 317],
[204, 253, 325],
[36, 323, 325],
[175, 288, 337],
[180, 299, 349],
[225, 272, 353],
[27, 364, 365],
[76, 357, 365],
[252, 275, 373],
[135, 352, 377],
[152, 345, 377],
[189, 340, 389],
[228, 325, 397],
[40, 399, 401],
[120, 391, 409],
[29, 420, 421],
[87, 416, 425],
[297, 304, 425],
[145, 408, 433],
[203, 396, 445],
[84, 437, 445],
[280, 351, 449],
[168, 425, 457],
[261, 380, 461],
[31, 480, 481],
[319, 360, 481],
[93, 476, 485],
[44, 483, 485],
[155, 468, 493],
[132, 475, 493],
[217, 456, 505],
[336, 377, 505],
[220, 459, 509],
[279, 440, 521],
[308, 435, 533],
[92, 525, 533],
[341, 420, 541],
[33, 544, 545],
[184, 513, 545],
[165, 532, 557],
[396, 403, 565],
[276, 493, 565],
[231, 520, 569],
[48, 575, 577],
[368, 465, 593],
[240, 551, 601],
[35, 612, 613],
[105, 608, 617],
[336, 527, 625],
[429, 460, 629],
[100, 621, 629],
[200, 609, 641],
[315, 572, 653],
[300, 589, 661],
[385, 552, 673],
[52, 675, 677],
[37, 684, 685],
[156, 667, 685],
[111, 680, 689],
[400, 561, 689],
[185, 672, 697],
[455, 528, 697],
[260, 651, 701],
[259, 660, 709],
[333, 644, 725],
[364, 627, 725],
[108, 725, 733],
[407, 624, 745],
[216, 713, 745],
[468, 595, 757],
[39, 760, 761],
[481, 600, 769],
[195, 748, 773],
[273, 736, 785],
[56, 783, 785],
[432, 665, 793],
[168, 775, 793],
[555, 572, 797],
]